0  1 -53
1  0 -59
0  2 -60
2  0 -50
0  3 -50
3  0 -55
0  4 -50
4  0 -51
0  5 -55
5  0 -57
0  6 -50
6  0 -54
0  7 -57
7  0 -58
0  8 -56
8  0 -55
0  9 -60
9  0 -59
0  10 -60
10  0 -60
0  11 -57
11  0 -59
0  12 -59
12  0 -55
0  13 -55
13  0 -53
0  14 -56
14  0 -57
0  15 -51
15  0 -54
0  16 -51
16  0 -55
0  17 -57
17  0 -51
0  18 -57
18  0 -56
0  19 -56
19  0 -55
0  20 -55
20  0 -50
0  21 -56
21  0 -53
0  22 -52
22  0 -56
0  23 -59
23  0 -52
0  24 -50
24  0 -60
0  25 -56
25  0 -50
0  26 -51
26  0 -57
0  27 -54
27  0 -51
0  28 -54
28  0 -50
0  29 -54
29  0 -52
